lambda = 0.995;